# Image list: IMAGE_ID QW QX QY QZ TX TY TZ CAMERA_ID NAME
# POINTS2D[] as (X Y POINT3D_ID)
5 0.298836239 0.640856382 0.640856382 -0.298836239 0.000000000 -0.000000000 250.000000000 1 calibration_pattern/virtual_00.png

4 0.271653782 0.582563416 0.694272044 -0.323744371 -0.000000000 0.000000000 250.000000000 1 calibration_pattern/virtual_01.png

3 0.242403877 0.519836791 0.742403877 -0.346188613 0.000000000 0.000000000 250.000000000 1 calibration_pattern/virtual_02.png

8 0.211309131 0.453153894 0.784885567 -0.365998151 0.000000000 -0.000000000 250.000000000 1 calibration_pattern/virtual_03.png

6 0.178606195 0.383022222 0.821393805 -0.383022222 0.000000000 0.000000000 250.000000000 1 calibration_pattern/virtual_04.png

11 0.144543958 0.309975519 0.851650740 -0.397131262 0.000000000 0.000000000 250.000000000 1 calibration_pattern/virtual_05.png

10 0.109381655 0.234569716 0.875426098 -0.408217894 0.000000000 0.000000000 250.000000000 1 calibration_pattern/virtual_06.png

2 0.073386891 0.157378696 0.892538935 -0.416197741 -0.000000000 0.000000000 250.000000000 1 calibration_pattern/virtual_07.png

9 0.036833609 0.078989928 0.902859012 -0.421010072 -0.000000000 -0.000000000 250.000000000 1 calibration_pattern/virtual_08.png

12 0.000000000 0.000000000 0.906307787 -0.422618262 0.000000000 -0.000000000 250.000000000 1 calibration_pattern/virtual_09.png

7 -0.036833609 -0.078989928 0.902859012 -0.421010072 -0.000000000 0.000000000 250.000000000 1 calibration_pattern/virtual_10.png

1 -0.073386891 -0.157378696 0.892538935 -0.416197741 0.000000000 0.000000000 250.000000000 1 calibration_pattern/virtual_11.png

19 -0.109381655 -0.234569716 0.875426098 -0.408217894 -0.000000000 -0.000000000 250.000000000 1 calibration_pattern/virtual_12.png

22 -0.144543958 -0.309975519 0.851650740 -0.397131262 -0.000000000 0.000000000 250.000000000 1 calibration_pattern/virtual_13.png

18 -0.178606195 -0.383022222 0.821393805 -0.383022222 -0.000000000 0.000000000 250.000000000 1 calibration_pattern/virtual_14.png

23 -0.211309131 -0.453153894 0.784885567 -0.365998151 -0.000000000 -0.000000000 250.000000000 1 calibration_pattern/virtual_15.png

14 -0.242403877 -0.519836791 0.742403877 -0.346188613 -0.000000000 0.000000000 250.000000000 1 calibration_pattern/virtual_16.png

17 -0.271653782 -0.582563416 0.694272044 -0.323744371 0.000000000 0.000000000 250.000000000 1 calibration_pattern/virtual_17.png

15 -0.298836239 -0.640856382 0.640856382 -0.298836239 -0.000000000 -0.000000000 250.000000000 1 calibration_pattern/virtual_18.png

13 0.323744371 0.694272044 -0.582563416 0.271653782 0.000000000 -0.000000000 250.000000000 1 calibration_pattern/virtual_19.png

21 0.346188613 0.742403877 -0.519836791 0.242403877 0.000000000 0.000000000 250.000000000 1 calibration_pattern/virtual_20.png

20 0.365998151 0.784885567 -0.453153894 0.211309131 0.000000000 0.000000000 250.000000000 1 calibration_pattern/virtual_21.png

16 0.383022222 0.821393805 -0.383022222 0.178606195 0.000000000 0.000000000 250.000000000 1 calibration_pattern/virtual_22.png

24 0.397131262 0.851650740 -0.309975519 0.144543958 -0.000000000 0.000000000 250.000000000 1 calibration_pattern/virtual_23.png

28 0.408217894 0.875426098 -0.234569716 0.109381655 0.000000000 -0.000000000 250.000000000 1 calibration_pattern/virtual_24.png

26 0.416197741 0.892538935 -0.157378696 0.073386891 -0.000000000 0.000000000 250.000000000 1 calibration_pattern/virtual_25.png

31 0.421010072 0.902859012 -0.078989928 0.036833609 0.000000000 0.000000000 250.000000000 1 calibration_pattern/virtual_26.png

30 0.422618262 0.906307787 -0.000000000 0.000000000 -0.000000000 -0.000000000 250.000000000 1 calibration_pattern/virtual_27.png

27 0.421010072 0.902859012 0.078989928 -0.036833609 -0.000000000 -0.000000000 250.000000000 1 calibration_pattern/virtual_28.png

25 0.416197741 0.892538935 0.157378696 -0.073386891 0.000000000 -0.000000000 250.000000000 1 calibration_pattern/virtual_29.png

32 0.408217894 0.875426098 0.234569716 -0.109381655 -0.000000000 0.000000000 250.000000000 1 calibration_pattern/virtual_30.png

33 0.397131262 0.851650740 0.309975519 -0.144543958 0.000000000 0.000000000 250.000000000 1 calibration_pattern/virtual_31.png

35 0.383022222 0.821393805 0.383022222 -0.178606195 0.000000000 0.000000000 250.000000000 1 calibration_pattern/virtual_32.png

29 0.365998151 0.784885567 0.453153894 -0.211309131 -0.000000000 0.000000000 250.000000000 1 calibration_pattern/virtual_33.png

34 0.346188613 0.742403877 0.519836791 -0.242403877 -0.000000000 -0.000000000 250.000000000 1 calibration_pattern/virtual_34.png

36 0.323744371 0.694272044 0.582563416 -0.271653782 -0.000000000 -0.000000000 250.000000000 1 calibration_pattern/virtual_35.png

